38
-1
21
-1
25
18
6
-1
8
-1
-1
24
-1
6
12
16
8
4
4
20
-1
-1
-1
1
-1
6
20
-1
30
19
4
-1
32
-1
-1
7
15
18
-1
15
3
-1
-1
-1
-1
-1
-1
-1
-1
2
-1
-1
3
-1
10
-1
-1
-1
6
61
-1
-1
34
-1
31
57
-1
64
2
-1
-1
-1
6
-1
8
29
-1
-1
-1
-1
18
-1
5
-1
36
22
8
-1
46
15
15
-1
9
-1
-1
28
2
-1
-1
-1
-1
-1
6
-1
5
31
-1
14
-1
4
-1
-1
-1
-1
-1
11
-1
-1
-1
-1
-1
33
37
21
-1
-1
-1
-1
6
-1
-1
4
-1
-1
5
-1
-1
-1
8
-1
-1
-1
22
1
4
-1
-1
8
18
-1
14
-1
6
21
-1
-1
21
-1
-1
-1
-1
12
3
4
-1
-1
12
-1
-1
4
12
9
18
4
13
-1
4
-1
-1
-1
8
3
-1
1
-1
2
-1
-1
18
4
2
6
-1
-1
12
-1
10
3
2
-1
10
13
-1
-1
-1
25
6
10
22
14
-1
-1
1
14
-1
6
-1
25
28
-1
4
-1
-1
-1
-1
-1
-1
-1
-1
-1
-1
-1
2
20
-1
-1
-1
-1
-1
8
-1
46
-1
9
12
5
8
22
-1
20
-1
-1
5
-1
-1
14
-1
3
-1
34
-1
-1
-1
10
8
-1
-1
-1
-1
9
4
26
11
-1
-1
-1
32
-1
-1
25
-1
-1
36
17
9
-1
21
-1
10
-1
1
20
-1
8
-1
-1
-1
-1
16
24
13
66
-1
12
3
-1
26
-1
8
-1
-1
-1
-1
25
3
-1
-1
-1
3
20
14
-1
-1
14
-1
12
3
20
-1
10
-1
32
-1
-1
-1
29
-1
-1
16
-1
4
-1
-1
-1
28
-1
1
36
12
6
-1
-1
8
-1
-1
3
6
1
-1
-1
1
-1
-1
7
-1
20
1
23
2
15
23
8
23
-1
28
9
20
45
-1
-1
3
9
-1
8
-1
18
2
7
8
16
1
-1
24
25
-1
6
-1
12
-1
12
1
10
-1
40
6
-1
-1
-1
-1
8
-1
15
8
18
8
-1
-1
-1
-1
11
-1
-1
-1
-1
-1
-1
-1
21
-1
1
-1
-1
4
-1
21
43
-1
1
12
-1
2
8
10
12
-1
-1
6
-1
-1
-1
-1
19
-1
7
18
8
-1
8
-1
-1
-1
-1
-1
-1
18
-1
-1
-1
8
-1
-1
8
8
-1
14
-1
-1
-1
-1
-1
-1
-1
-1
12
-1
5
5
10
-1
-1
-1
6
-1
5
12
22
-1
42
-1
-1
