-1
-1
30
-1
24
12
4
-1
28
-1
-1
35
6
-1
10
15
17
-1
-1
-1
2
-1
4
28
-1
-1
10
-1
-1
-1
4
-1
2
8
-1
19
-1
18
7
18
-1
-1
-1
-1
1
42
-1
40
2
19
-1
-1
17
2
30
-1
-1
-1
-1
-1
18
58
-1
-1
2
15
-1
-1
-1
36
-1
-1
15
-1
-1
4
4
11
-1
-1
-1
-1
14
-1
-1
-1
18
-1
-1
70
-1
-1
-1
-1
6
15
-1
1
-1
-1
6
39
-1
4
15
12
-1
4
-1
-1
32
33
-1
24
6
12
-1
5
28
100
16
-1
-1
-1
9
-1
-1
2
-1
-1
-1
5
59
14
-1
40
2
1
40
4
-1
46
-1
6
2
-1
3
-1
3
-1
21
29
8
-1
26
-1
21
6
-1
6
33
-1
-1
-1
-1
-1
-1
5
-1
-1
-1
-1
-1
-1
-1
4
8
6
26
8
-1
19
-1
-1
4
-1
-1
-1
6
-1
-1
-1
-1
3
-1
2
11
8
27
8
18
6
-1
14
-1
36
27
-1
6
-1
-1
15
-1
-1
6
-1
-1
-1
-1
4
-1
-1
6
33
-1
-1
-1
-1
-1
-1
14
-1
16
10
-1
-1
1
-1
-1
7
-1
-1
-1
-1
7
18
12
36
1
-1
2
-1
-1
18
8
4
33
-1
6
-1
13
-1
-1
-1
43
-1
-1
-1
5
18
6
70
8
3
3
54
-1
15
1
12
-1
7
-1
-1
-1
-1
-1
2
25
-1
32
6
-1
-1
12
28
52
1
9
-1
