18
24
9
-1
-1
-1
1
-1
-1
58
14
8
-1
-1
-1
-1
-1
-1
12
-1
3
-1
-1
5
25
-1
3
5
6
-1
17
-1
11
-1
-1
14
-1
12
-1
9
2
4
6
9
6
6
-1
-1
-1
-1
8
32
-1
-1
-1
-1
-1
29
6
14
-1
1
2
4
-1
32
-1
18
-1
29
33
36
-1
-1
4
14
-1
-1
-1
12
-1
6
-1
22
-1
-1
-1
2
-1
-1
6
11
10
-1
-1
5
-1
-1
-1
18
6
15
-1
3
-1
-1
-1
24
22
-1
-1
-1
6
8
6
-1
37
5
4
31
-1
-1
34
2
-1
4
4
18
-1
25
25
-1
19
10
8
-1
8
2
5
-1
13
-1
25
-1
6
-1
-1
2
8
-1
-1
-1
4
4
-1
17
12
9
-1
22
6
3
33
16
8
-1
-1
-1
-1
-1
8
-1
-1
16
-1
-1
-1
-1
4
-1
-1
1
-1
17
42
-1
-1
12
2
36
-1
8
-1
-1
-1
-1
3
-1
12
-1
12
-1
7
-1
-1
-1
2
-1
-1
-1
-1
3
-1
-1
-1
3
8
48
21
-1
13
11
1
-1
-1
-1
-1
-1
21
-1
6
-1
-1
-1
1
-1
2
31
9
-1
-1
-1
-1
-1
-1
46
15
2
-1
62
23
-1
-1
12
6
-1
26
3
-1
-1
17
8
11
8
-1
2
-1
-1
-1
3
20
-1
-1
-1
10
4
-1
6
-1
-1
-1
-1
-1
-1
-1
-1
-1
-1
-1
-1
66
24
-1
6
-1
-1
-1
-1
-1
31
